1
17
19
2
18
3
3
32
14
4
51
18
5
51
19
6
5
13
7
7
29
8
9
16
9
11
25
10
6
11
11
4
27
12
1
25
13
14
8
14
11
12
15
11
34
16
5
6
17
33
17
18
12
7
19
31
21
20
37
11
21
7
3
22
8
20
23
25
2
24
5
18
25
2
19
26
18
19
27
14
36
28
5
3
29
8
20
30
18
32
31
7
41
32
14
4
33
2
18
34
12
21
35
10
13
36
13
10
37
51
51
38
33
13
39
3
25
40
31
18
41
30
5
42
3
15
43
20
1
44
20
8
45
35
7
46
1
46
47
1
11
48
3
10
49
22
28
50
7
7
51
2
7
52
22
51
53
1
1
54
10
3
55
10
32
56
3
22
57
8
14
58
15
2
59
7
2
60
9
9
61
15
34
62
21
3
63
26
20
64
26
12
65
20
26
66
7
15
67
6
14
68
33
9
69
21
5
70
29
13
71
22
50
72
18
11
73
6
31
74
16
13
75
9
6
76
17
36
77
17
17
78
24
25
79
7
28
80
27
20
81
10
51
82
7
25
83
8
2
84
7
51
85
12
26
86
22
22
87
1
16
88
6
6
89
20
51
90
27
24
91
10
20
92
13
9
93
10
19
94
7
17
95
6
1
96
20
13
97
8
1
98
5
7
99
10
26
100
11
5
101
15
20
102
13
14
103
5
24
104
12
7
105
12
21
106
16
27
107
8
51
108
50
10
109
13
43
110
26
8
111
37
18
112
16
11
113
16
6
114
2
14
115
6
7
116
3
16
117
9
18
118
5
3
119
15
43
120
5
2
121
9
15
122
23
51
123
15
29
124
34
2
125
8
39
126
7
8
127
29
7
128
44
51
129
41
23
130
4
8
131
8
17
132
51
17
133
15
3
134
33
48
135
48
2
136
6
2
137
13
11
138
3
11
139
21
10
140
23
24
141
13
35
142
30
15
143
21
16
144
34
13
145
8
51
146
22
20
147
14
7
148
8
15
149
9
20
150
10
26
151
14
9
152
45
13
153
23
15
154
26
13
155
9
39
156
7
5
157
11
32
158
26
20
159
51
34
160
40
3
161
10
28
162
28
11
163
17
26
164
13
51
165
22
8
166
14
34
167
22
10
168
3
14
169
6
9
170
3
25
171
6
16
172
2
2
173
51
8
174
10
29
175
21
14
176
33
3
177
15
5
178
13
2
179
17
12
180
8
13
181
6
23
182
20
15
183
5
16
184
8
28
185
3
5
186
47
51
187
2
24
188
18
20
189
12
19
190
31
31
191
21
20
192
2
15
193
8
22
194
25
19
195
5
10
196
1
23
197
22
4
198
5
4
199
15
34
200
40
21
201
8
18
202
1
51
203
49
7
204
31
17
205
5
39
206
46
2
207
6
3
208
12
26
209
16
9
210
9
35
211
34
35
212
39
22
213
42
9
214
40
51
215
21
2
216
15
20
217
51
22
218
31
21
219
22
26
220
2
51
221
20
51
222
50
9
223
13
14
224
12
34
225
13
33
226
6
11
227
16
20
228
5
14
229
24
49
230
15
13
231
5
3
232
6
7
233
24
31
234
20
13
235
14
7
236
10
24
237
23
24
238
11
25
239
4
2
240
28
23
241
37
44
242
46
25
243
5
22
244
20
18
245
7
13
246
14
44
247
11
2
248
7
5
249
6
20
250
29
42
251
51
10
252
19
15
253
16
14
254
19
43
255
4
20
256
11
2
257
26
24
258
13
4
259
51
21
260
32
10
261
11
18
262
7
6
263
10
19
264
5
22
265
24
37
266
24
12
267
11
4
268
24
9
269
4
3
270
36
4
271
14
14
272
24
12
273
5
2
274
17
16
275
11
11
276
24
7
277
13
25
278
26
16
279
2
3
280
4
11
281
28
10
282
3
24
283
35
5
284
1
9
285
15
5
286
2
15
287
3
7
288
1
12
289
14
2
290
22
27
291
27
9
292
3
51
293
4
15
294
26
13
295
17
19
296
12
13
297
4
30
298
11
5
299
9
5
300
17
1
301
13
5
302
9
12
303
14
19
304
9
11
305
2
51
306
4
2
307
51
15
308
6
28
309
14
17
310
4
18
311
31
3
312
5
12
313
8
51
314
19
51
315
20
18
316
11
7
317
20
6
318
10
12
319
2
28
320
26
18
321
28
6
322
9
5
323
18
15
324
11
4
325
36
42
326
6
32
327
12
4
328
23
9
329
11
1
330
15
2
331
18
6
332
10
5
333
28
27
334
15
18
335
11
11
336
28
9
337
13
8
338
15
28
339
7
15
340
3
12
341
38
11
342
22
18
343
2
3
344
3
17
345
1
1
346
30
36
347
51
35
348
19
15
349
24
18
350
11
17
351
10
28
352
26
9
353
34
3
354
39
9
355
9
9
356
37
30
357
29
23
358
8
26
359
50
18
360
20
11
361
8
9
362
10
15
363
8
27
364
9
14
365
33
3
366
4
14
367
30
15
368
33
22
369
8
11
370
4
1
371
5
13
372
5
19
373
2
6
374
3
15
375
31
22
376
2
18
377
7
12
378
14
12
379
51
18
380
26
14
381
11
11
382
15
22
383
14
18
384
17
9
385
17
15
386
12
3
387
24
9
388
9
7
389
8
3
390
11
14
391
9
11
392
14
6
393
16
19
394
30
6
395
51
35
396
3
14
397
9
20
398
14
35
399
16
32
400
1
2
401
28
27
402
22
6
403
15
15
404
9
12
405
3
14
406
22
2
407
45
4
408
29
9
409
4
17
410
26
36
411
13
3
412
17
35
413
22
19
414
24
6
415
14
32
416
20
13
417
5
26
418
5
9
419
2
3
420
28
10
421
25
18
422
22
14
423
34
12
424
5
4
425
10
30
426
9
31
427
13
29
428
1
22
429
1
1
430
11
10
431
24
12
432
16
10
433
16
9
434
7
2
435
9
43
436
23
16
437
1
1
438
22
4
439
19
16
440
15
7
441
34
4
442
10
27
443
28
8
444
9
19
445
12
20
446
7
14
447
9
10
448
12
19
449
3
11
450
16
3
451
10
11
452
15
15
453
17
19
454
9
10
455
10
3
456
15
17
457
2
22
458
16
10
459
28
29
460
6
18
461
8
1
462
28
3
463
34
2
464
4
12
465
39
22
466
11
14
467
10
6
468
5
41
469
25
14
470
21
12
471
13
12
472
38
21
473
10
44
474
51
8
475
51
22
476
32
11
477
10
23
478
25
20
479
10
4
480
21
3
481
16
7
482
2
9
483
29
51
484
19
6
485
26
18
486
14
10
487
23
10
488
3
26
489
18
9
490
14
23
491
24
2
492
12
51
493
2
13
494
6
19
495
18
18
496
23
4
497
8
13
498
51
14
499
12
27
500
10
32
501
13
34
502
47
9
503
13
19
504
27
15
505
16
30
506
15
3
507
42
30
508
42
41
509
24
40
510
16
35
511
3
4
512
40
7
513
18
20
514
10
13
515
32
26
516
27
6
517
9
8
518
14
25
519
49
21
520
5
33
521
21
2
522
8
3
523
19
5
524
23
25
525
44
22
526
44
24
527
15
6
528
46
27
529
14
7
530
5
9
531
20
39
532
2
3
533
6
25
534
14
24
535
10
11
536
15
8
537
6
14
538
11
25
539
17
20
540
12
25
541
13
33
542
24
23
543
14
29
544
16
8
545
33
18
546
2
1
547
7
27
548
20
9
549
35
18
550
6
10
551
8
11
552
11
5
553
6
6
554
22
12
555
14
25
556
2
51
557
8
50
558
2
51
559
14
38
560
11
18
561
17
39
562
16
12
563
5
40
564
4
7
565
29
9
566
22
24
567
9
21
568
19
17
569
4
12
570
29
18
571
17
5
572
14
3
573
7
5
574
4
29
575
5
5
576
2
30
577
3
30
578
24
1
579
12
18
580
12
37
581
2
2
582
16
22
583
16
22
584
14
33
585
34
27
586
7
35
587
2
29
588
8
7
589
3
49
590
3
5
591
3
41
592
4
38
593
12
9
594
18
2
595
51
17
596
27
2
597
15
6
598
2
15
599
20
13
600
30
51
601
13
15
602
51
3
603
39
10
604
16
2
605
31
51
606
44
4
607
4
7
608
12
14
609
28
7
610
23
11
611
4
14
612
11
10
613
6
3
614
22
6
615
3
17
616
18
25
617
18
26
618
38
2
619
15
18
620
26
51
621
3
10
622
6
21
623
5
23
624
30
37
625
25
11
626
10
5
627
3
2
628
4
17
629
10
34
630
37
13
631
51
33
632
13
6
633
8
15
634
15
17
635
5
20
636
7
13
637
3
51
638
12
9
639
39
2
640
12
13
641
6
13
642
33
18
643
37
18
644
9
26
645
10
31
646
2
5
647
5
8
648
11
44
649
12
21
650
6
12
651
33
51
652
7
26
653
21
33
654
13
16
655
8
24
656
25
26
657
2
11
658
5
30
659
22
18
660
20
4
661
21
10
662
20
16
663
4
19
664
9
10
665
30
4
666
6
32
667
13
7
668
3
15
669
5
39
670
15
22
671
3
27
672
14
1
673
26
21
674
12
15
675
7
5
676
18
15
677
30
21
678
27
23
679
18
16
680
32
10
681
12
33
682
36
38
683
2
16
684
5
13
685
7
20
686
9
5
687
45
11
688
4
29
689
23
3
690
12
8
691
34
3
692
18
8
693
21
17
694
51
5
695
40
48
696
8
15
697
1
31
698
48
51
699
27
10
700
13
19
701
10
3
702
1
20
703
9
21
704
23
25
705
16
11
706
51
2
707
19
8
708
45
18
709
4
8
710
10
5
711
11
40
712
24
10
713
16
2
714
5
16
715
51
14
716
19
15
717
2
3
718
2
32
719
21
12
720
13
28
721
33
10
722
8
41
723
4
51
724
17
33
725
6
22
726
24
33
727
17
24
728
1
6
729
3
9
730
28
30
731
23
23
732
6
14
733
5
2
734
31
51
735
23
30
736
3
51
737
11
14
738
11
2
739
24
8
740
11
4
741
26
29
742
5
2
743
19
23
744
7
19
745
2
24
746
3
51
747
3
17
748
12
11
749
21
14
750
10
6
751
2
24
752
12
26
753
33
18
754
28
6
755
16
14
756
4
20
757
12
39
758
19
12
759
16
25
760
10
12
761
10
7
762
23
16
763
11
24
764
14
25
765
11
7
766
39
27
767
17
24
768
6
6
769
17
51
770
25
8
771
38
19
772
2
18
773
9
11
774
12
22
775
21
1
776
8
13
777
12
8
778
5
12
779
14
25
780
31
10
781
2
16
782
21
28
783
7
29
784
9
14
785
37
14
786
42
2
787
19
5
788
6
19
789
10
19
790
9
1
791
6
21
792
15
9
793
8
7
794
39
2
795
4
15
796
26
13
797
20
13
798
8
32
799
15
25
800
3
4
801
7
19
802
7
1
803
10
24
804
14
16
805
12
5
806
5
42
807
24
4
808
27
26
809
3
11
810
32
7
811
33
1
812
19
14
813
34
5
814
9
41
815
1
2
816
4
29
817
22
19
818
5
11
819
9
11
820
50
19
821
9
12
822
10
1
823
8
13
824
10
23
825
30
20
826
6
14
827
21
30
828
5
16
829
6
15
830
30
1
831
3
16
832
19
3
833
38
14
834
7
11
835
18
10
836
26
20
837
6
25
838
32
2
839
21
26
840
2
5
841
6
19
842
6
6
843
16
10
844
17
19
845
6
2
846
31
10
847
12
2
848
4
6
849
30
5
850
15
6
851
4
51
852
4
14
853
11
10
854
4
6
855
29
4
856
11
34
857
45
4
858
41
8
859
2
7
860
4
4
861
37
22
862
21
26
863
16
9
864
13
15
865
24
51
866
9
39
867
21
49
868
3
6
869
12
3
870
11
48
871
11
6
872
5
18
873
16
29
874
32
26
875
13
16
876
18
6
877
2
22
878
24
14
879
27
17
880
5
29
881
7
8
882
22
17
883
32
13
884
45
24
885
4
24
886
34
18
887
16
6
888
6
16
889
2
7
890
29
13
891
9
39
892
16
27
893
12
4
894
51
20
895
7
13
896
42
6
897
5
51
898
14
3
899
21
11
900
2
27
901
18
7
902
28
22
903
27
2
904
1
4
905
21
51
906
49
6
907
2
25
908
7
4
909
26
5
910
32
38
911
9
3
912
31
27
913
11
9
914
9
4
915
5
6
916
15
24
917
24
19
918
5
32
919
2
15
920
2
9
921
19
12
922
28
4
923
25
35
924
27
18
925
32
21
926
19
30
927
35
36
928
16
13
929
21
16
930
5
8
931
28
16
932
11
5
933
5
15
934
7
8
935
36
25
936
51
6
937
32
17
938
23
17
939
10
12
940
28
31
941
25
25
942
14
43
943
17
33
944
28
6
945
9
19
946
21
16
947
2
32
948
8
23
949
26
4
950
21
25
951
13
2
952
20
18
953
17
24
954
51
8
955
18
10
956
51
25
957
22
17
958
17
7
959
7
28
960
8
20
961
18
21
962
51
11
963
15
22
964
11
44
965
1
20
966
20
7
967
2
4
968
39
25
969
21
8
970
51
47
971
12
9
972
51
15
973
8
6
974
3
7
975
11
2
976
7
50
977
30
7
978
15
4
979
27
12
980
19
19
981
35
1
982
42
14
983
5
21
984
5
6
985
12
4
986
15
35
987
41
14
988
51
6
989
13
5
990
11
16
991
1
9
992
6
1
993
10
28
994
5
11
995
14
19
996
22
44
997
11
30
998
7
11
999
5
11
1000
18
7
1001
51
29
1002
38
51
1003
1
1
1004
17
11
1005
12
19
1006
7
7
1007
8
7
1008
12
46
1009
51
48
1010
11
9
1011
5
18
1012
21
26
1013
10
16
1014
15
32
1015
8
10
1016
10
28
1017
36
18
1018
13
13
1019
23
32
1020
21
14
1021
20
32
1022
10
5
1023
18
39
1024
33
11
1025
5
3
1026
8
8
1027
41
11
1028
2
8
1029
9
27
1030
11
25
1031
13
5
1032
16
16
1033
23
28
1034
22
8
1035
27
11
1036
7
11
1037
1
20
1038
36
15
1039
8
15
1040
22
5
1041
29
34
1042
9
6
1043
17
14
1044
51
1
1045
24
48
1046
26
2
1047
35
8
1048
12
4
1049
7
34
1050
20
30
1051
32
7
1052
11
2
1053
1
10
1054
4
8
1055
39
5
1056
11
1
1057
18
27
1058
49
51
1059
8
3
1060
3
14
1061
37
5
1062
24
3
1063
1
16
1064
3
8
1065
1
29
1066
3
14
1067
27
21
1068
30
8
1069
3
21
1070
16
4
1071
14
14
1072
25
22
1073
21
30
1074
28
16
1075
3
17
1076
9
15
1077
26
10
1078
9
13
1079
15
15
1080
4
24
1081
15
40
1082
4
9
1083
40
8
1084
16
17
1085
1
19
1086
21
6
1087
17
24
1088
24
21
1089
16
9
1090
14
2
1091
44
37
1092
8
51
1093
14
16
1094
15
17
1095
30
9
1096
8
1
1097
12
23
1098
29
6
1099
32
6
1100
35
49
1101
15
51
1102
13
1
1103
14
8
1104
10
28
1105
13
25
1106
17
19
1107
27
6
1108
11
11
1109
21
16
1110
48
12
1111
3
36
1112
5
21
1113
15
13
1114
9
37
1115
18
28
1116
13
17
1117
17
32
1118
16
19
1119
15
9
1120
30
10
1121
23
22
1122
36
22
1123
5
19
1124
50
39
1125
3
26
1126
22
17
1127
28
15
1128
12
25
1129
11
31
1130
7
1
1131
9
6
1132
21
4
1133
6
12
1134
14
28
1135
8
1
1136
11
12
1137
1
51
1138
15
1
1139
10
25
1140
6
17
1141
15
22
1142
19
22
1143
19
39
1144
16
8
1145
21
6
1146
23
28
1147
1
2
1148
26
26
1149
8
15
1150
19
25
1151
12
13
1152
23
33
1153
17
8
1154
3
22
1155
1
13
1156
25
3
1157
27
8
1158
23
23
1159
2
3
1160
18
3
1161
17
21
1162
19
24
1163
24
18
1164
7
23
1165
33
26
1166
41
17
1167
5
29
1168
30
8
1169
15
5
1170
27
8
1171
16
51
1172
6
4
1173
26
10
1174
10
10
1175
5
14
1176
29
6
1177
8
23
1178
12
23
1179
17
10
1180
2
6
1181
2
27
1182
31
11
1183
23
6
1184
31
26
1185
29
14
1186
8
21
1187
4
19
1188
16
1
1189
21
3
1190
6
8
1191
24
9
1192
24
22
1193
6
6
1194
22
14
1195
16
6
1196
5
10
1197
34
48
1198
11
17
1199
12
25
1200
11
35
1201
14
12
1202
18
27
1203
12
26
1204
5
10
1205
21
10
1206
4
14
1207
7
19
1208
2
3
1209
26
21
1210
16
1
1211
27
21
1212
30
16
1213
9
15
1214
5
5
1215
16
27
1216
20
12
1217
12
17
1218
23
5
1219
31
20
1220
27
23
1221
20
13
1222
31
12
1223
6
12
1224
19
28
1225
10
18
1226
15
6
1227
27
30
1228
22
30
1229
51
15
1230
2
23
1231
16
25
1232
3
7
1233
5
9
1234
6
2
1235
29
5
1236
4
12
1237
5
3
1238
7
41
1239
13
8
1240
10
6
1241
7
13
1242
3
25
1243
32
16
1244
6
8
1245
31
13
1246
2
15
1247
32
12
1248
14
8
1249
1
18
1250
5
10
1251
14
23
1252
15
14
1253
5
23
1254
14
40
1255
9
18
1256
5
51
1257
15
8
1258
15
32
1259
25
6
1260
4
8
1261
22
14
1262
4
23
1263
4
15
1264
13
18
1265
16
7
1266
12
5
1267
6
14
1268
7
24
1269
25
1
1270
20
11
1271
43
9
1272
51
2
1273
24
16
1274
5
24
1275
8
21
1276
15
20
1277
13
14
1278
5
8
1279
8
2
1280
5
16
1281
15
16
1282
26
11
1283
22
13
1284
9
27
1285
9
4
1286
5
1
1287
42
15
1288
17
17
1289
32
11
1290
4
15
1291
15
18
1292
9
6
1293
7
22
1294
7
45
1295
19
7
1296
2
27
1297
8
31
1298
30
51
1299
11
27
1300
2
1
1301
2
17
1302
2
12
1303
2
45
1304
13
23
1305
4
8
1306
2
12
1307
17
28
1308
14
17
1309
36
37
1310
32
12
1311
9
29
1312
15
49
1313
14
31
1314
1
22
1315
2
19
1316
13
9
1317
24
9
1318
12
4
1319
22
19
1320
9
4
1321
18
12
1322
8
6
1323
35
8
1324
25
20
1325
37
35
1326
7
10
1327
10
2
1328
32
26
1329
4
29
1330
11
17
1331
25
25
1332
7
29
1333
12
3
1334
19
28
1335
24
10
1336
36
17
1337
6
27
1338
12
8
1339
4
30
1340
50
11
1341
23
25
1342
14
26
1343
19
11
1344
25
6
1345
8
10
1346
35
8
1347
12
19
1348
15
10
1349
30
8
1350
21
21
1351
10
17
1352
16
13
1353
23
9
1354
29
47
1355
18
15
1356
9
12
1357
2
51
1358
46
15
1359
3
22
1360
22
10
1361
4
24
1362
28
9
1363
16
10
1364
2
24
1365
3
1
1366
8
8
1367
24
13
1368
26
13
1369
8
4
1370
17
8
1371
18
15
1372
6
16
1373
31
12
1374
16
14
1375
6
13
1376
23
19
1377
33
4
1378
5
12
1379
5
24
1380
23
19
1381
4
9
1382
7
8
1383
51
17
1384
9
6
1385
12
27
1386
6
18
1387
6
26
1388
28
28
1389
13
22
1390
22
9
1391
4
7
1392
4
19
1393
12
7
1394
18
5
1395
16
7
1396
41
31
1397
20
12
1398
6
21
1399
12
32
1400
7
10
1401
16
17
1402
16
51
1403
7
23
1404
5
7
1405
30
31
1406
2
1
1407
1
28
1408
1
20
1409
19
10
1410
24
35
1411
10
3
1412
16
11
1413
16
4
1414
41
41
1415
5
9
1416
18
20
1417
25
10
1418
17
12
1419
22
10
1420
9
13
1421
8
30
1422
1
8
1423
11
7
1424
24
24
1425
12
12
1426
24
6
1427
10
15
1428
2
20
1429
5
4
1430
20
16
1431
25
39
1432
25
22
1433
13
10
1434
34
16
1435
11
48
1436
5
42
1437
7
12
1438
5
10
1439
44
7
1440
22
37
1441
14
5
1442
18
45
1443
28
15
1444
24
16
1445
25
3
1446
32
20
1447
18
5
1448
7
10
1449
15
39
1450
6
43
1451
8
2
1452
9
8
1453
4
41
1454
51
13
1455
15
22
1456
9
7
1457
9
1
1458
2
28
1459
51
9
1460
16
6
1461
29
6
1462
11
17
1463
9
8
1464
36
23
1465
32
14
1466
12
2
1467
8
6
1468
27
4
1469
22
10
1470
9
5
1471
26
22
1472
12
7
1473
9
11
1474
34
20
1475
3
1
1476
22
15
1477
17
3
1478
1
20
1479
2
3
1480
16
11
1481
10
7
1482
34
25
1483
15
2
1484
4
19
1485
8
3
1486
29
23
1487
8
8
1488
18
17
1489
3
13
1490
2
9
1491
5
23
1492
17
51
1493
20
46
1494
12
32
1495
2
1
1496
14
28
1497
3
36
1498
20
2
1499
11
31
1500
23
18
1501
1
27
1502
51
37
1503
25
10
1504
16
2
1505
16
2
1506
8
22
1507
4
19
1508
26
12
1509
20
1
1510
28
22
1511
5
15
1512
10
30
1513
37
16
1514
31
7
1515
16
31
1516
9
11
1517
29
41
1518
18
8
1519
12
15
1520
26
13
1521
11
5
1522
1
3
1523
8
14
1524
1
8
1525
38
20
1526
46
12
1527
24
24
1528
6
37
1529
21
13
1530
18
1
1531
22
5
1532
18
15
1533
11
51
1534
21
19
1535
16
14
1536
28
20
1537
18
12
1538
5
31
1539
25
8
1540
9
26
1541
7
17
1542
17
3
1543
13
5
1544
1
10
1545
6
35
1546
8
4
1547
20
3
1548
21
15
1549
18
4
1550
5
25
1551
16
6
1552
20
8
1553
5
27
1554
46
4
1555
19
38
1556
21
44
1557
51
46
1558
13
13
1559
20
6
1560
24
14
1561
2
28
1562
38
4
1563
33
14
1564
8
21
1565
17
42
1566
17
16
1567
30
30
1568
34
10
1569
5
16
1570
37
10
1571
4
4
1572
23
2
1573
6
8
1574
17
21
1575
40
10
1576
1
26
1577
1
10
1578
12
2
1579
18
1
1580
2
10
1581
16
8
1582
9
30
1583
22
2
1584
14
3
1585
12
51
1586
14
19
1587
2
11
1588
11
11
1589
5
12
1590
15
7
1591
27
30
1592
3
7
1593
51
30
1594
19
20
1595
14
12
1596
3
6
1597
33
37
1598
26
13
1599
8
9
1600
21
38
1601
23
18
1602
8
11
1603
2
25
1604
2
22
1605
4
21
1606
5
2
1607
44
10
1608
16
27
1609
14
11
1610
2
1
1611
40
2
1612
4
15
1613
5
14
1614
25
35
1615
11
18
1616
28
14
1617
22
27
1618
8
34
1619
5
10
1620
10
36
1621
4
10
1622
23
38
1623
33
12
1624
2
15
1625
16
4
1626
23
31
1627
14
23
1628
19
22
1629
23
12
1630
42
18
1631
14
18
1632
2
18
1633
6
3
1634
19
9
1635
17
40
1636
22
13
1637
12
15
1638
8
8
1639
15
24
1640
23
33
1641
1
16
1642
17
2
1643
11
25
1644
4
23
1645
11
10
1646
5
12
1647
8
6
1648
2
11
1649
27
20
1650
5
6
1651
21
22
1652
12
9
1653
5
1
1654
44
26
1655
51
30
1656
27
11
1657
2
19
1658
9
34
1659
11
25
1660
1
14
1661
35
20
1662
30
24
1663
2
30
1664
17
11
1665
8
3
1666
16
37
1667
21
18
1668
3
11
1669
2
8
1670
4
3
1671
5
25
1672
35
21
1673
26
8
1674
6
11
1675
21
3
1676
11
22
1677
15
7
1678
28
7
1679
5
51
1680
21
19
1681
4
10
1682
7
11
1683
15
51
1684
30
8
1685
11
8
1686
9
13
1687
19
2
1688
7
16
1689
6
19
1690
7
7
1691
20
19
1692
33
7
1693
27
29
1694
9
51
1695
11
9
1696
14
51
1697
9
12
1698
51
29
1699
20
25
1700
23
7
1701
3
28
1702
13
8
1703
18
31
1704
17
12
1705
3
8
1706
20
45
1707
10
34
1708
10
21
1709
30
24
1710
32
16
1711
4
15
1712
31
2
1713
19
10
1714
29
6
1715
14
13
1716
16
38
1717
51
8
1718
3
7
1719
20
51
1720
2
9
1721
10
27
1722
16
6
1723
17
3
1724
14
5
1725
6
7
1726
6
6
1727
10
2
1728
2
13
1729
16
10
1730
13
30
1731
20
5
1732
30
37
1733
15
15
1734
4
40
1735
11
28
1736
9
4
1737
2
8
1738
16
32
1739
20
28
1740
14
2
1741
19
30
1742
7
24
1743
4
7
1744
1
6
1745
4
14
1746
9
43
1747
21
3
1748
10
15
1749
15
10
1750
7
1
1751
37
4
1752
17
6
1753
4
37
1754
25
21
1755
35
2
1756
14
23
1757
51
11
1758
42
11
1759
3
9
1760
11
18
1761
8
7
1762
27
3
1763
10
41
1764
24
25
1765
36
8
1766
9
23
1767
48
17
1768
51
8
1769
41
24
1770
24
19
1771
8
11
1772
33
15
1773
19
18
1774
17
18
1775
21
23
1776
27
7
1777
34
19
1778
8
8
1779
9
9
1780
16
34
1781
34
4
1782
8
4
1783
22
27
1784
23
26
1785
21
25
1786
11
21
1787
19
10
1788
20
6
1789
8
7
1790
8
8
1791
21
7
1792
8
44
1793
20
11
1794
36
36
1795
9
50
1796
12
26
1797
11
10
1798
5
1
1799
35
1
1800
7
35
1801
13
17
1802
6
11
1803
44
6
1804
51
2
1805
29
23
1806
9
51
1807
13
22
1808
1
10
1809
13
24
1810
40
15
1811
4
15
1812
8
51
1813
28
25
1814
6
1
1815
26
16
1816
18
9
1817
15
6
1818
26
13
1819
13
4
1820
1
4
1821
8
4
1822
51
3
1823
10
19
1824
20
27
1825
51
9
1826
17
51
1827
30
19
1828
15
24
1829
20
17
1830
11
3
1831
7
26
1832
12
25
1833
32
22
1834
3
13
1835
1
26
1836
22
32
1837
10
6
1838
14
23
1839
10
11
1840
10
14
1841
6
22
1842
20
8
1843
23
2
1844
6
12
1845
8
22
1846
14
2
1847
22
1
1848
5
30
1849
9
34
1850
24
51
1851
1
17
1852
23
11
1853
3
8
1854
12
28
1855
1
7
1856
13
13
1857
25
17
1858
6
26
1859
8
2
1860
26
10
1861
15
24
1862
12
17
1863
3
24
1864
9
3
1865
22
6
1866
27
2
1867
18
13
1868
14
28
1869
41
15
1870
24
5
1871
10
12
1872
11
8
1873
5
11
1874
13
5
1875
21
16
1876
32
11
1877
11
8
1878
8
26
1879
12
7
1880
14
9
1881
2
17
1882
7
2
1883
4
18
1884
15
15
1885
9
17
1886
12
51
1887
16
9
1888
21
18
1889
6
5
1890
20
11
1891
16
24
1892
15
32
1893
29
20
1894
17
12
1895
29
14
1896
20
6
1897
27
24
1898
18
14
1899
18
24
1900
26
26
1901
8
6
1902
1
17
1903
18
21
1904
17
49
1905
18
41
1906
5
11
1907
45
51
1908
5
11
1909
18
10
1910
18
17
1911
1
17
1912
15
20
1913
14
9
1914
32
9
1915
7
13
1916
18
14
1917
9
19
1918
16
24
1919
18
33
1920
7
25
1921
35
30
1922
34
28
1923
18
10
1924
25
23
1925
10
26
1926
33
17
1927
8
15
1928
49
15
1929
11
22
1930
10
10
1931
12
11
1932
22
26
1933
24
18
1934
24
6
1935
16
37
1936
6
4
1937
26
11
1938
15
4
1939
22
23
1940
18
42
1941
15
43
1942
19
18
1943
22
7
1944
13
14
1945
6
6
1946
1
28
1947
5
13
1948
22
17
1949
15
1
1950
28
23
1951
4
8
1952
5
37
1953
16
14
1954
15
5
1955
10
2
1956
15
7
1957
1
6
1958
10
51
1959
11
2
1960
22
6
1961
6
3
1962
12
14
1963
17
6
1964
14
8
1965
7
20
1966
13
10
1967
22
1
1968
51
51
1969
6
48
1970
6
10
1971
7
12
1972
23
11
1973
25
12
1974
11
11
1975
11
1
1976
26
21
1977
15
3
1978
10
11
1979
9
15
1980
7
45
1981
6
24
1982
3
28
1983
20
12
1984
48
29
1985
34
20
1986
19
12
1987
37
43
1988
29
8
1989
12
12
1990
4
8
1991
14
2
1992
8
23
1993
14
16
1994
5
31
1995
1
45
1996
16
20
1997
24
22
1998
22
35
1999
21
10
2000
12
9
2001
3
10
2002
2
37
2003
2
9
